65
65
65
60
60
60
65
65
65
64
64
64
63
63
63
63
63
63
63
63
63
65
65
65
64
64
64
66
66
66
64
64
64
62
62
62
65
65
65
62
62
62
63
63
63
64
64
64
61
61
61
61
61
61
67
67
67
67
67
67
62
62
62
66
66
66
65
65
65
64
64
64
64
64
64
61
61
61
61
61
61
64
64
64
64
64
64
64
64
64
65
65
65
61
61
61
64
64
64
62
62
62
65
65
65
60
60
60
65
65
65
61
61
61
65
65
65
62
62
62
67
67
67
61
61
61
64
64
64
65
65
65
64
64
64
67
67
67
61
61
61
65
65
65
60
60
60
60
60
60
64
64
64
63
63
63
66
66
66
61
61
61
67
67
67
62
62
62
62
62
62
60
60
60
66
66
66
66
66
66
-1
-1
-1
